
AMDuProfPcm Report

Processor Name:,AMD EPYC 9654 96-Core Processor                
System:,Family(0x19) Model(0x11) Stepping(0x1)
Operating System:,Linux 6.2.0-39-generic
Number of Sockets :,2
Number of Core Complexes(CCX) :,24
Number of Cores :,192
Number of Threads :,192
SMT Enabled in HW:,False
SMT Enabled by OS :,False

CPU Topology:
Socket, CCX, Core(s)
0,0, 0 1 2 3 4 5 6 7
0,1, 8 9 10 11 12 13 14 15
0,2, 16 17 18 19 20 21 22 23
0,3, 24 25 26 27 28 29 30 31
0,4, 32 33 34 35 36 37 38 39
0,5, 40 41 42 43 44 45 46 47
0,6, 48 49 50 51 52 53 54 55
0,7, 56 57 58 59 60 61 62 63
0,8, 64 65 66 67 68 69 70 71
0,9, 72 73 74 75 76 77 78 79
0,10, 80 81 82 83 84 85 86 87
0,11, 88 89 90 91 92 93 94 95
1,12, 96 97 98 99 100 101 102 103
1,13, 104 105 106 107 108 109 110 111
1,14, 112 113 114 115 116 117 118 119
1,15, 120 121 122 123 124 125 126 127
1,16, 128 129 130 131 132 133 134 135
1,17, 136 137 138 139 140 141 142 143
1,18, 144 145 146 147 148 149 150 151
1,19, 152 153 154 155 156 157 158 159
1,20, 160 161 162 163 164 165 166 167
1,21, 168 169 170 171 172 173 174 175
1,22, 176 177 178 179 180 181 182 183
1,23, 184 185 186 187 188 189 190 191

Socket-UMC Topology:
Socket, IODie, UMC(s)
0,0,0 1 2 3 4 5 6 7 8 9 10 11 
1,1,12 13 14 15 16 17 18 19 20 21 22 23 

Core P0 state frequency (MHz):,2396.724121
Multiplex interval for core (ms):,4
Multiplex interval for l3 (ms):,4
Multiplex interval for df (ms):,4
Data Collection Driver:,Linux Perf Driver
NMI Watchdog Enabled:,1
Version:,5.3.521.0 (PUBLIC)

Hypervisor Info:
Hypervisor Enabled:,False
Command:,"AMDuProfPcm -X -m memory -c package=0 -C -o /data/scratch/deveshisingh/matmul-to-paged-attention/experiments/imbps-reproduction/results/uprof-decode-l3-sweep-10378-traffic/matrix/cases/r05-o12-opt30b-b128-imbps-k16/uprof.csv -- /data/scratch/deveshisingh/matmul-to-paged-attention/experiments/imbps-reproduction/.venv/bin/python3 /data/scratch/deveshisingh/matmul-to-paged-attention/experiments/imbps-reproduction/src/uprof_measurement_gate.py --start-file /data/scratch/deveshisingh/matmul-to-paged-attention/experiments/imbps-reproduction/results/uprof-decode-l3-sweep-10378-traffic/matrix/cases/r05-o12-opt30b-b128-imbps-k16/worker.start --done-file /data/scratch/deveshisingh/matmul-to-paged-attention/experiments/imbps-reproduction/results/uprof-decode-l3-sweep-10378-traffic/matrix/cases/r05-o12-opt30b-b128-imbps-k16/worker.measurement.done --timing-file /data/scratch/deveshisingh/matmul-to-paged-attention/experiments/imbps-reproduction/results/uprof-decode-l3-sweep-10378-traffic/matrix/cases/r05-o12-opt30b-b128-imbps-k16/gate-timing.json --timeout-seconds 7200"

Abbreviation :
IPC    : Instructions Per CPU Cycle
CPI    : CPU Cycles Per Instructions
pti    : Per Thousand Instructions
ptc    : Per Thousand CPU Cycles
pto    : Per Thousand Operations
Topdown metrics are reported in "% slots"

Profile Time: 2026/10/09 20:53:33:530
DF METRICS
Metric,System (Aggregated)
Total Mem Bw (GB/s),213.78
Local DRAM Read Data Bytes(GB/s),190.28
Local DRAM Write Data Bytes(GB/s),23.46
Remote DRAM Read Data Bytes (GB/s),0.04
Remote DRAM Write Data Bytes (GB/s),0.00
Total Mem RdBw (GB/s),190.32
Total Mem WrBw (GB/s),23.46


